12345678
21354768
12537486
21573846
25178364
52713846
52178364
25713846
52731486
57234168
75321486
73524168
37254618
32745681
23476518
24367581
42637851
46273815
64728351
67482315
76842135
78641253
87462135
84761253
48716523
84175632
84716523
48175632
41876523
14867253
41682735
14628375
14263857
41236587
14325678
41352768
43157286
34512768
34157286
43512768
34521678
35426187
53241678
52346187
25436817
24563871
42658317
46285371
64825731
68452713
86547231
85674213
58764123
57861432
75684123
76581432
67518342
76153824
76518342
67153824
61758342
16785432
61874523
16847253
16482735
61428375
16243857
61234587
62135478
26314587
26135478
62314587
26341857
23648175
32461857
34268175
43628715
46382751
64837215
68473251
86743521
87634512
78365421
73856412
37586142
35781624
53876142
58371624
85317264
58132746
58317264
85132746
81537264
18573624
81756342
18765432
18674523
81647253
18462735
81426375
84123657
48216375
48123657
84216375
48261735
42867153
24681735
26487153
62847513
68274531
86725413
87652431
78562341
75826314
57283641
52738614
25378164
23571846
32758164
37251846
73215486
37124568
37215486
73124568
71325486
17352846
71538264
17583624
17856342
71865432
17684523
71648253
76142835
67418253
67142835
76418253
67481523
64785132
46871523
48675132
84765312
87456321
78543612
75834621
57384261
53748216
35472861
34527816
43257186
42351768
24537186
25431768
52413678
25146387
25413678
52146387
51243678
15234768
51327486
15372846
15738264
51783624
15876342
51867432
58164723
85617432
85164723
58617432
85671342
86573124
68751342
67853124
76583214
75638241
57362814
53726841
35276481
32567418
23654781
26345718
62435178
64231587
46325178
43621587
34612857
43168275
43612857
34168275
31462857
13426587
31245678
13254768
13527486
31572846
13758264
31785624
37186542
73815624
73186542
37815624
73851264
78352146
87531264
85732146
58372416
53827461
35284716
32548761
23458671
24385617
42836571
48263517
84623157
86421375
68243157
62841375
26814735
62187453
62814735
26187453
21684735
12648375
21463857
12436587
12345678
