12345678
21436587
12463857
21648375
26143857
62418375
26148735
62417853
64271835
46728153
46271835
64728153
46782513
64875231
68472513
86745231
68472531
86745213
87642531
78465213
87456123
78541632
78456123
87541632
85714623
58176432
85716342
58173624
51876342
15783624
51738264
15372846
15738264
51372846
15327486
51234768
52137486
25314768
52134678
25316487
23561478
32654187
32561478
23654187
32645817
23468571
24365817
42638571
24365871
42638517
46235871
64328517
46382157
64831275
64382157
46831275
48613257
84162375
48612735
84167253
81462735
18647253
81674523
18765432
18674523
81765432
18756342
81573624
85176342
58713624
85173264
58712346
57821364
75283146
75821364
57283146
75238416
57324861
53728416
35274861
53728461
35274816
32578461
23754816
32745186
23471568
23745186
32471568
34217586
43125768
34215678
43126587
41325678
14236587
41263857
14628375
14263857
41628375
14682735
41867253
48162735
84617253
48167523
84615732
86451723
68547132
68451723
86547132
68574312
86753421
87654312
78563421
87654321
78563412
75864321
57683412
75638142
57361824
57638142
75361824
73516842
37158624
73518264
37152846
31758264
13572846
31527486
13254768
13527486
31254768
13245678
31426587
34125678
43216587
34126857
43218675
42381657
24836175
24381657
42836175
24863715
42687351
46283715
64827351
46283751
64827315
68423751
86247315
68274135
86721453
86274135
68721453
67812435
76184253
67814523
76185432
71684523
17865432
71856342
17583624
17856342
71583624
17538264
71352846
73158264
37512846
73152486
37514268
35741286
53472168
53741286
35472168
53427618
35246781
32547618
23456781
32547681
23456718
24357681
42536718
24563178
42651387
42563178
24651387
26415378
62143587
26413857
62148375
61243857
16428375
61482735
16847253
16482735
61847253
16874523
61785432
67184523
76815432
67185342
76813524
78631542
87365124
87631542
78365124
87356214
78532641
75836214
57382641
75836241
57382614
53786241
35872614
53827164
35281746
35827164
53281746
52318764
25137846
52317486
25134768
21537486
12354768
21345678
12436587
12345678
